16838
18984
21519
3904
10112
8671
21284
28123
14589
18129
26053
6915
9600
10564
4737
32162
371
27953
5538
20679
27426
12216
10181
13089
23759
31671
24895
14392
30636
3873
22099
30964
8817
32268
1359
23501
15396
14162
1356
20601
5801
27493
9190
12531
16500
3675
15472
32718
16996
2787
19517
27377
24218
25219
16193
24809
10934
17096
6457
11507
16969
6795
18676
29680
4540
16788
16850
1916
15585
21266
26806
18159
25438
11502
19419
5341
3905
3251
11203
9221
6682
11417
5972
24480
3141
28851
8196
18189
16781
17376
11699
1485
26716
1762
18316
6944
17895
30530
9796
17104
11342
31127
21182
12206
30972
14220
1551
12771
4692
14675
25679
13483
7939
30467
18315
12791
5807
29663
16420
23704
28355
10515
11112
23475
13831
26506
4897
721
14966
14344
6553
29115
13726
7577
32723
25572
28619
14380
12096
6855
25212
2793
18762
5489
18281
19212
6986
3241
30455
31127
21194
14922
21898
16609
8610
5882
18044
28962
14534
12121
14063
4698
411
13144
29165
5887
1245
7419
20138
18266
4754
26865
14281
13391
27669
30783
29486
19470
11859
26769
29996
12646
9318
3830
507
4107
30547
19825
7659
27355
11111
14565
7027
6028
11622
26472
21457
18416
22124
14287
16696
25071
6546
22949
22147
27908
12564
12289
15207
13344
8006
12622
18102
18636
3341
29159
573
28975
13873
24195
10592
3610
13197
3417
29559
14073
30204
12812
14500
28606
26159
22056
21502
28623
29256
10495
25092
10140
19059
8590
2075
30263
27439
26580
21191
30000
30906
4916
1484
17064
19364
19791
9421
21460
13616
20535
20083
26442
5343
32062
8199
11252
22029
24072
13983
22696
11085
11039
5569
13911
2280
21121
27608
11895
32540
17187
7364
11244
1453
18971
641
8747
16355
22722
26331
12319
19336
22626
24200
7590
12419
30870
2374
10040
16786
22271
1029
9901
17855
9036
25619
23940
657
5651
17783
24670
32665
20157
21690
2108
14485
354
24538
13973
25341
20924
4826
15274
15053
19488
23851
4860
7919
5819
30405
30293
7483
9630
4227
14159
15712
22789
31556
21510
4024
22513
10164
793
17982
1894
3513
24387
18170
434
10262
1948
28653
12071
12480
19251
14341
23244
13770
22329
24123
2342
5989
9028
11184
9406
15895
31232
1688
27425
12393
12755
7583
1326
1770
23462
5456
30122
6744
515
30594
6638
16237
25492
9619
24584
11001
29952
1760
5328
30354
12929
17195
14758
5625
26130
2334
7402
22137
15594
656
24809
20552
19568
22344
4861
11437
9500
304
18048
3842
11607
6197
9631
8493
21298
21970
23477
12901
1133
28011
24948
1787
21615
23979
16894
3759
3051
19579
6575
27480
1959
26917
31030
22098
356
9285
9138
29071
1769
4091
25058
27263
10222
2768
28975
8952
6953
27284
28633
2119
23377
32239
4800
9353
20818
4966
24971
10884
3073
16090
7421
15504
1035
10507
14223
2453
28349
32137
18813
15540
22790
3847
32631
25681
3671
26373
31856
15836
19473
24791
19608
11815
16787
14005
5969
9582
28000
28750
28890
24727
19117
10419
12430
9276
29897
15828
12097
32654
6541
6190
26465
18823
13887
7812
14617
24871
19684
13028
6865
23956
24568
14775
20135
31674
8839
30683
19004
317
13820
11557
21312
23997
2633
13614
21811
2293
14922
31730
3190
1325
601
26170
12287
13160
23646
29428
7042
3392
18356
12547
29140
13730
26180
24966
1914
6875
14473
20237
24808
8086
26868
27662
26243
4542
2616
27498
20521
22004
25941
21190
23395
28076
10149
28025
17010
18270
23163
19646
13535
7386
12460
17640
21860
7303
15695
3266
841
26997
9829
6503
30430
27843
10672
11039
28773
25320
21475
15835
22166
31050
22486
1206
3412
18332
30316
29765
25914
7087
3367
9656
8567
12959
2946
27960
548
27882
23103
2869
19765
16737
32475
31532
14277
13435
1145
27864
2639
1895
13751
12156
5821
26627
29584
21813
15302
30633
10385
1099
24321
28067
26794
5313
5689
27682
24472
21537
13783
27843
7856
4343
12647
9827
14874
11690
10002
17023
16307
5829
2780
1213
27681
3897
8061
10318
22239
11457
10639
14752
4456
17246
28052
17695
4436
26417
26975
5160
6165
30096
9665
14981
15468
30074
15657
23056
6456
8945
1547
18757
31514
1537
28046
21786
30842
18712
9616
25010
10110
13062
506
1880
22573
8768
23208
24157
16792
28799
6413
31540
4568
23438
21238
16474
10047
26779
32003
21944
30640
32679
22414
3757
7410
22974
14419
13029
9764
19877
9978
29496
27431
24280
21973
26001
8319
24948
11953
22924
32359
4042
20447
30169
22385
28788
15555
11575
5270
7599
30935
10828
2794
27348
498
24236
3415
29659
24360
2570
15709
3889
27742
3987
28274
31810
22166
5878
8418
27641
478
12424
6479
27465
26528
323
2845
26451
28917
29715
2384
27778
28151
18012
4000
13234
3809
17388
16230
12133
9660
3962
25693
5396
26719
24401
14714
10403
20344
13548
10028
2098
27349
29312
203
25092
27086
3459
32459
14895
31312
20765
30067
26742
18257
8692
25966
19819
2357
1673
2186
19752
32511
32401
11848
9484
29935
10500
4756
17562
23707
11936
2839
24210
2972
17827
24195
13114
3638
28185
31237
15946
11484
21721
24034
28030
21369
20614
6206
8446
30938
28847
17835
5704
27347
31876
22558
638
28349
32621
3879
23608
24594
11728
3749
22142
15476
11976
885
23554
14237
28749
11787
20092
20540
30029
5162
9016
14534
30950
22482
13550
31907
22860
20084
13482
20873
8652
13252
17347
11908
30124
12874
1251
13582
25041
11447
18714
21691
7965
8765
10952
28255
6044
22441
2929
10267
9535
31781
30189
10122
13091
23869
11042
550
29887
13952
16814
23959
10634
16639
15728
24677
22883
6550
12684
8430
12407
21870
2568
4539
18395
22349
2284
22771
40
3921
12804
23157
28993
24526
1443
18940
19590
15960
5293
7070
27522
23719
2704
21298
18173
29801
943
14680
29430
14287
31897
609
19692
6326
17966
7057
13279
32557
31290
12967
26416
18186
1916
13311
8963
20715
2856
29322
29031
12099
7057
29631
14025
18479
2832
26071
8433
11376
382
2665
19359
7598
26622
16010
13503
16067
14503
10242
10098
23225
21127
16409
22879
30320
23518
19069
27226
6361
13095
2001
15669
12763
661
24468
17225
21520
7673
3073
29466
21597
9731
12846
